ticker,open,close,chg_pct,gap_pct,vol,relvol,perf_1w,perf_1m,perf_3m,perf_6m,perf_ytd,rsi14,volatility_1m,atr14_pct,dist_sma50,dist_sma200,pct_52wh
RAYA,6732.0,5621.0,-17.46,-1.14,36,,39.62,,,,-24.18,14.3,,24.11,,,
NNOX,7.97,6.8,-15.21,-0.62,1407853,3.04,-23.34,-36.45,-33.14,-39.01,-57.63,21.2,4.37,9.98,-39.09,-40.3,-58.15
NVVE,8320.0,7200.0,-14.95,-1.72,33,1.03,-34.2,-29.53,-72.39,-91.59,-96.69,38.1,14.77,29.02,-41.67,-88.53,-96.69
XPON,223.0,210.0,-10.64,-5.11,21634,0.78,110.0,42.86,0.0,-8.3,-73.52,68.3,31.35,16.14,43.43,,-73.52
DFTX,2.54,2.27,-10.28,0.59,533654,0.85,-14.02,-18.35,-62.91,-77.75,-90.04,31.9,3.96,8.03,-17.12,-74.86,-90.36
NAUT,1.83,1.66,-10.27,-1.08,122039,0.69,5.06,-6.74,-18.23,-37.94,-68.68,43.2,4.21,8.7,-13.25,-41.27,-70.2
SLDP,2.52,2.25,-10.0,0.8,2522674,0.8,1.81,-50.55,-59.09,-60.87,-74.89,24.4,5.26,11.07,-46.64,-64.62,-77.18
SPCE,72.4,65.8,-9.86,-0.82,379569,1.23,-13.42,-35.49,-32.72,-47.69,-75.7,23.0,4.15,8.88,-29.93,-48.34,-76.21
ACHR,1.82,1.63,-9.44,1.11,1736140,1.12,-18.91,-35.06,-41.37,-50.46,-73.58,21.4,4.29,9.26,-33.51,-52.51,-75.53
IBRX,5.41,4.95,-9.34,-0.92,2228565,1.22,-13.46,-7.3,-0.4,32.71,-34.26,37.1,5.89,9.73,-11.38,3.91,-34.26
PGEN,1.4,1.27,-9.29,0.0,595186,0.91,-14.77,-33.85,-39.52,-11.81,-68.09,28.5,4.37,9.07,-25.13,-29.5,-68.09
LRMR,4.33,3.98,-8.72,-0.69,124611,0.74,-21.19,25.55,19.52,89.52,-62.98,51.4,6.48,9.44,16.04,31.87,-63.45
NVAX,9.55,8.86,-8.28,-1.14,6933088,0.81,-14.15,-46.43,-55.79,-82.65,-93.8,22.3,8.17,18.06,-50.43,-78.32,-94.39
IOVA,6.08,5.62,-8.17,-0.65,2753842,0.43,-7.26,-9.06,-43.17,-48.82,-70.58,33.0,5.63,8.49,-26.02,-49.88,-71.49
CAN,2.08,1.91,-8.17,0.0,1419220,0.99,-11.16,-25.97,-40.68,-43.49,-63.62,28.9,4.01,8.55,-29.84,-46.27,-70.71
GH,27.39,25.63,-8.14,-1.83,2723913,1.29,-15.22,-50.25,-48.32,-39.35,-74.49,19.4,6.38,12.95,-43.31,-48.66,-74.49
ASTS,4.0,3.65,-8.06,0.76,2056485,0.78,-4.2,-44.86,-47.25,-42.43,-55.6,28.5,4.53,11.9,-38.06,-53.04,-73.8
BLNK,11.02,10.22,-8.05,-0.85,1459542,1.26,-14.69,-22.75,-43.88,-40.55,-61.97,27.4,3.91,8.62,-23.62,-44.15,-65.11
CODX,75.3,70.5,-7.84,-1.57,6444,1.17,-3.29,-29.22,-20.61,-53.83,-74.76,28.4,3.21,7.28,-24.64,-47.1,-75.55
ABSI,2.2,2.0,-7.83,1.38,512794,1.13,-15.97,-10.71,-34.43,-44.29,-75.99,34.9,6.47,14.57,-26.61,-51.31,-78.86
GALT,1.18,1.12,-7.79,-3.28,118273,1.2,-3.85,-12.79,-28.8,-10.0,-51.3,40.0,3.06,9.42,-12.87,-28.3,-54.64
FLNC,17.07,15.74,-7.79,0.0,1054440,0.76,-18.95,-15.19,8.93,67.8,-54.86,43.3,8.22,11.53,-1.01,16.73,-56.3
NEOV,3.24,2.97,-7.76,0.62,15122,0.47,-9.73,-21.12,-38.51,,-25.0,41.2,7.78,14.08,-21.44,,-45.0
DFLI,1012.5,900.9,-7.74,3.69,1326,1.26,-49.95,21.63,-3.1,-0.89,0.3,44.2,16.25,33.27,-1.31,-2.47,-60.09
QS,5.53,5.18,-7.5,-1.25,6978452,0.95,-11.45,-26.32,-43.14,-42.7,-77.69,25.1,4.06,9.41,-28.87,-53.07,-77.69
NVTS,3.45,3.22,-7.47,-0.86,1256408,1.05,-6.67,-27.8,-36.99,-25.29,-80.2,30.8,4.67,8.89,-24.27,-44.25,-81.07
ARRY,20.41,18.97,-7.42,-0.39,3831811,1.07,-7.24,-18.44,12.72,61.72,19.23,42.2,4.81,8.32,-2.33,25.17,-19.55
NVDA,15.06,14.11,-7.14,-0.87,465240412,1.06,-13.12,-13.19,13.79,-11.6,-53.08,36.0,3.82,5.59,-6.92,-17.6,-53.39
RUN,25.19,23.74,-7.01,-1.33,7017310,1.3,-12.78,-25.09,-21.49,0.17,-33.07,35.0,4.29,8.08,-12.3,-14.01,-38.58
CRSP,43.7,41.01,-6.99,-0.88,1289460,1.17,-6.92,-25.42,-35.55,-35.19,-48.25,27.2,2.96,6.75,-21.49,-33.87,-51.05
TXG,33.9,31.89,-6.86,-0.99,881372,0.71,-9.27,-11.02,8.8,-31.98,-78.13,39.9,4.31,7.74,-4.44,-25.51,-78.86
ZYME,7.89,7.49,-6.84,-1.87,981146,0.49,10.31,-4.46,35.93,33.27,-55.89,51.5,7.06,11.15,3.31,17.35,-55.89
ENPH,292.42,274.54,-6.6,-0.52,3282559,1.0,-9.99,-14.05,-3.61,44.0,48.84,37.1,3.95,6.42,-8.08,12.93,-18.29
SLDB,5.67,5.27,-6.56,0.53,38128,1.36,-12.31,-20.99,-28.3,-44.57,-80.26,26.3,3.28,6.98,-18.84,-45.74,-80.37
CRMD,4.05,3.85,-6.45,-1.46,147306,0.77,1.45,-9.1,32.13,8.01,-20.72,48.1,3.88,6.13,5.75,-1.79,-48.87
MVST,1.54,1.46,-6.41,-1.28,1165865,0.87,-8.75,-32.72,-24.35,-35.68,-75.59,26.9,3.85,9.9,-30.82,-54.69,-84.58
KOPN,1.07,1.04,-6.31,-3.6,464179,1.03,-11.11,-37.35,1.96,-14.05,-75.93,30.6,3.78,10.81,-18.59,-28.89,-75.93
AIP,4.29,4.02,-6.29,0.0,49290,0.36,-0.25,-25.14,-43.06,-47.52,-81.18,42.4,6.8,10.01,-16.94,-50.29,-81.18
AAOI,1.87,1.83,-6.15,-4.1,203912,1.38,-14.08,-16.44,-35.34,4.57,-65.28,31.0,3.49,7.31,-21.42,-24.86,-66.61
AIRG,6.4,6.05,-6.14,-0.71,108323,3.19,-6.64,-24.66,-14.91,-29.81,-45.5,25.2,2.22,5.92,-16.7,-25.06,-45.5
QMCO,23.4,21.4,-6.14,2.63,8345,0.49,0.0,-24.11,-4.46,-31.41,-81.03,40.3,4.27,8.95,-14.11,-34.75,-81.03
KOD,7.0,6.6,-6.12,-0.43,311837,1.19,-1.2,-12.47,-13.27,-17.71,-92.62,39.3,3.03,6.28,-7.68,-17.5,-92.77
SENS,20.4,19.2,-5.88,0.0,242365,1.6,-13.51,-17.24,-27.82,-4.95,-65.09,37.5,4.92,8.02,-16.1,-29.97,-74.12
TE,8.82,8.42,-5.82,-1.34,3120972,0.87,-14.6,-42.37,-38.32,28.16,-28.83,23.3,3.77,8.51,-31.84,-22.36,-47.64
SLS,2.24,2.14,-5.73,-1.32,73649,0.61,5.94,-10.08,-2.28,-3.17,-63.48,39.5,5.48,10.77,-28.73,-31.1,-70.19
RDW,1.92,1.81,-5.73,0.0,179297,1.31,-9.5,-19.56,-27.6,-39.87,-74.83,31.2,2.56,7.23,-20.19,-51.11,-78.66
AMPX,8.01,7.42,-5.72,1.78,67072,0.28,-14.81,-31.3,-37.7,,-10.6,41.1,9.34,13.0,-22.03,,-42.66
BEAM,39.94,38.08,-5.65,-1.04,808607,0.96,-5.04,-14.0,-21.34,-5.74,-53.65,37.2,3.9,8.01,-14.3,-21.07,-53.65
PSNL,1.82,1.84,-5.64,-6.67,344830,0.87,-6.12,-27.84,-36.33,-50.0,-87.13,36.4,7.05,12.29,-24.98,-55.51,-87.13
BLDP,4.77,4.52,-5.64,-0.42,3279030,1.05,-15.51,-25.9,-31.93,-29.7,-64.21,30.5,4.19,7.62,-20.12,-38.91,-64.3
NKTR,32.25,30.45,-5.58,0.0,105420,0.65,-16.8,-37.35,-33.44,-49.5,-85.14,20.9,3.6,9.1,-37.42,-48.44,-86.5
RKLB,3.76,3.56,-5.57,-0.27,3028071,0.88,-8.72,-14.83,-15.04,-10.1,-70.82,31.8,2.8,6.97,-19.45,-33.0,-71.01
CLLS,1.98,1.88,-5.53,-0.5,115887,0.98,-1.05,-20.0,-21.01,-35.4,-78.56,37.3,3.94,8.36,-16.72,-38.39,-78.56
SEDG,307.32,293.04,-5.52,-0.91,724336,0.81,-5.34,-2.94,17.41,4.94,3.75,45.4,3.04,5.09,6.75,4.25,-19.81
TWST,22.72,21.93,-5.43,-2.03,681805,0.6,-7.82,-13.8,-36.62,-39.2,-73.66,34.6,4.39,9.49,-22.86,-40.17,-73.66
NVCT,7.44,7.32,-5.42,-3.91,5490,0.26,-1.82,0.72,-6.95,-36.27,125.31,48.5,2.13,4.38,1.93,-22.82,-64.17
INDI,6.17,5.89,-5.15,-0.64,1062910,0.92,-10.35,-27.91,-21.47,-4.69,-49.62,30.4,2.94,6.24,-20.88,-18.89,-50.88
SOXL,9.51,9.2,-5.12,-1.94,78751981,0.78,-12.98,-27.66,-5.17,-35.9,-87.03,37.9,6.95,11.74,-14.47,-47.67,-87.03
BLZE,5.63,5.38,-5.11,-0.71,88962,0.86,1.51,32.84,7.17,3.86,-69.91,59.8,3.85,5.29,14.85,-16.34,-69.91
BFLY,2.46,2.24,-5.08,4.03,2044815,0.79,-1.32,-26.56,-52.34,-27.04,-67.3,31.2,5.31,10.29,-35.1,-46.64,-74.1
JOBY,3.33,3.18,-5.07,-0.6,3408230,0.93,-8.36,-22.44,-34.57,-38.37,-57.49,29.4,3.08,6.35,-21.89,-36.55,-57.49
NTLA,34.45,33.21,-5.06,-1.52,746606,0.45,-7.6,-33.15,-40.73,-36.17,-72.09,25.4,4.29,7.55,-28.59,-39.54,-72.61
PLUG,12.2,11.72,-5.02,-1.13,12665957,0.79,-9.22,-25.49,-46.36,-31.58,-59.29,31.3,4.32,8.13,-23.17,-42.78,-63.09
ASTC,9.89,9.28,-5.02,1.23,23274,0.87,-8.3,-8.91,-31.79,-29.39,-58.53,36.1,3.98,7.95,-16.61,-35.29,-59.3
DCTH,3.48,3.41,-5.01,-3.06,14373,0.64,-7.84,19.65,4.6,-16.73,-57.11,52.9,5.22,6.73,11.27,-19.42,-57.11
FTH,29.0,27.2,-4.9,1.4,4936,1.92,-10.53,-2.86,-20.0,-37.9,-77.59,40.9,4.61,7.16,-6.25,-25.48,-77.59
SHLS,24.79,23.76,-4.88,-0.76,1475307,0.37,-3.88,-23.43,18.44,38.95,-0.34,43.7,6.09,8.12,-3.27,16.78,-23.75
MVIS,2.26,2.16,-4.85,-0.44,1798876,1.11,-8.09,-28.24,-43.01,-49.3,-60.8,23.6,3.6,8.36,-30.0,-44.17,-62.5
BE,18.37,17.64,-4.8,-0.86,2097787,0.95,-15.23,-20.22,-16.79,3.1,-20.33,33.3,3.62,6.98,-11.48,-13.72,-42.09
HIMX,6.57,6.4,-4.76,-2.23,1123940,1.25,-7.11,-9.35,26.23,-16.88,-42.93,38.9,2.23,4.32,-2.76,-9.9,-53.53
SYM,10.92,10.5,-4.72,-0.91,87043,0.48,-14.15,-18.03,0.86,-24.08,4.79,40.3,3.5,7.52,-7.89,-14.6,-47.68
MDGL,273.89,260.82,-4.66,0.12,970375,0.81,11.07,288.41,300.77,263.11,189.41,80.8,58.74,8.04,183.1,233.26,-9.88
IPWR,11.01,11.14,-4.64,-5.75,8499,0.68,-6.09,-11.11,0.25,-9.23,-13.53,47.7,4.87,7.18,-3.09,0.6,-23.97
CAPR,3.52,3.36,-4.55,0.0,156937,1.25,-2.33,-17.44,-41.97,-13.18,5.66,32.3,4.77,7.75,-26.21,-25.24,-48.7
NUVB,1.76,1.69,-4.52,-0.56,373619,0.35,0.6,-7.65,-22.12,-52.39,-80.86,37.7,4.67,7.68,-14.37,-47.97,-80.86
PBW,38.26,36.78,-4.32,-0.47,456556,0.84,-8.21,-21.51,-26.7,-22.32,-48.68,27.3,2.81,4.55,-17.14,-28.2,-48.68
NEON,5.6,5.36,-4.29,0.0,52450,0.15,-0.56,24.94,50.99,3.08,-39.84,58.6,11.37,7.85,22.5,11.91,-41.68
PRSO,32.4,32.6,-4.21,-4.8,1065,0.95,-4.12,-40.07,-53.43,-54.97,-81.26,21.5,5.98,10.13,-35.97,-55.34,-81.6
DNLI,27.71,26.7,-4.2,-0.57,400908,0.54,1.6,-10.91,-2.16,-8.87,-43.52,41.3,4.46,6.63,-9.5,-10.32,-43.52
FSLR,156.33,150.22,-4.17,-0.27,1955072,0.54,-4.18,-12.37,13.54,121.73,69.59,42.9,2.93,4.8,-0.85,41.25,-12.93
ARKG,28.27,27.24,-4.15,-0.53,1330195,0.8,-5.55,-14.07,-15.51,-15.85,-56.94,32.5,2.83,4.83,-14.14,-22.82,-56.94
OM,377.55,363.15,-4.12,-0.32,19162,0.61,-1.94,20.45,65.03,53.71,-48.75,58.0,3.92,6.28,26.68,4.77,-49.73
OUST,9.3,8.52,-4.1,4.72,97890,0.92,-15.68,-30.76,-11.81,-50.77,-84.23,31.6,5.21,11.9,-25.03,-56.7,-84.23
VKTX,8.5,8.11,-4.02,0.59,4538655,0.58,16.02,102.24,211.92,199.26,66.19,82.8,16.42,7.17,80.99,145.4,-4.02
ZVRA,4.21,4.12,-3.96,-1.86,426567,1.79,-7.42,-13.45,-28.72,-8.85,-55.51,30.0,2.12,5.16,-16.57,-19.57,-55.51
AEVA,6.25,6.1,-3.94,-1.57,246148,0.85,-14.08,-22.29,-39.0,-62.58,-84.62,27.8,4.36,9.4,-29.25,-57.41,-85.03
TCMD,11.64,11.26,-3.92,-0.68,151083,0.53,-1.23,29.43,49.34,50.13,-42.93,64.6,3.33,5.22,26.72,7.15,-47.63
PI,112.0,107.5,-3.91,0.12,295082,0.75,-4.72,-11.86,32.0,91.9,20.99,42.4,2.87,5.16,-1.95,37.4,-15.72
ASND,119.99,114.47,-3.88,0.76,116568,0.19,-1.54,-1.27,14.31,22.89,-15.68,43.5,2.44,4.04,-2.22,11.76,-16.08
KURA,11.52,11.23,-3.85,-1.37,473663,0.39,-7.95,-24.43,-11.51,-35.68,-23.55,25.6,3.73,7.37,-23.62,-24.69,-42.26
ARKK,30.51,29.78,-3.84,-1.49,19944695,0.85,-7.57,-17.28,-22.06,-29.38,-69.3,30.0,3.0,5.47,-16.59,-32.75,-69.3
LSCC,65.49,63.94,-3.57,-1.24,920143,0.73,-4.57,-7.32,30.46,29.64,-18.6,43.0,2.94,4.42,2.97,15.3,-18.6
DSGN,9.51,9.19,-3.57,-0.21,402581,0.42,10.32,-37.61,-41.95,-34.26,-56.01,38.4,9.03,12.36,-30.57,-42.17,-64.06
IDNA,25.34,24.47,-3.55,-0.12,172234,3.65,-4.04,-10.11,-7.17,-15.56,-43.96,31.4,2.08,2.95,-9.43,-17.22,-44.63
WATT,492.0,480.48,-3.52,-1.2,490,1.29,-9.0,-20.71,-23.0,-19.11,-39.33,27.3,2.46,6.23,-20.91,-26.4,-47.83
VSTM,4.2,3.96,-3.51,2.34,78593,0.95,-13.16,-14.29,-64.22,-71.3,-84.29,33.6,5.52,11.3,-15.71,-66.93,-84.43
BWEN,1.75,1.69,-3.43,0.0,55911,1.09,-3.43,-2.31,-46.18,-0.59,-16.34,42.1,2.9,4.9,-4.42,-19.08,-52.92
SIDU,100.0,94.83,-3.41,1.85,1298,1.13,-18.95,-46.42,-57.48,-76.05,-91.03,18.0,3.76,13.4,-42.69,-62.94,-92.02
NUVL,28.48,27.48,-3.38,0.14,139175,0.5,-3.44,-14.79,57.57,106.0,47.82,40.1,3.76,7.97,-6.67,53.89,-23.73
BEEM,15.85,15.42,-3.38,-0.69,138347,0.63,-13.61,-14.85,20.66,3.7,-23.55,40.5,5.08,9.84,-0.55,-0.71,-39.22
POET,2.9,2.87,-3.37,-2.36,12887,0.85,-7.72,0.7,-0.35,-43.57,-64.7,43.7,3.49,5.36,0.76,,-64.7
QTTB,21.42,20.7,-3.36,0.0,8259,0.79,-11.54,-25.81,-28.12,-40.72,-72.42,33.5,4.63,11.37,-22.9,-42.0,-72.42
ALT,15.28,14.82,-3.33,-0.33,1263129,0.68,44.44,63.04,21.18,27.32,56.83,67.2,7.61,8.12,34.7,42.54,-33.87
PVLA,75.2,70.4,-3.3,3.3,7602,2.61,-9.74,-12.0,-20.72,-56.0,-77.49,36.0,2.35,7.98,-11.11,-49.43,-77.66
SITM,98.65,96.14,-3.29,-0.76,141175,0.6,-3.25,-2.89,19.28,-43.13,-67.4,44.9,4.22,6.21,-0.44,-33.58,-67.4
CLPT,7.91,7.7,-3.27,-0.63,111555,1.65,-5.64,-19.79,-23.91,-43.09,-33.62,30.8,3.09,6.76,-17.78,-29.34,-53.31
VRDN,29.88,28.62,-3.25,1.01,204781,0.24,3.58,25.47,41.75,172.57,37.93,65.0,3.46,5.28,23.24,57.92,-3.77
PTCT,36.67,35.29,-3.24,0.55,310952,0.61,-7.59,-11.22,-28.56,-11.64,-17.12,34.1,2.3,4.88,-11.68,-15.28,-35.59
CSIQ,31.1,30.04,-3.16,0.26,832054,1.14,-9.49,-15.97,-21.99,-5.65,-4.12,35.1,3.37,6.01,-10.85,-12.35,-36.1
SNDX,24.25,23.54,-3.13,-0.21,388652,0.33,0.73,7.49,0.77,27.04,6.28,50.0,5.15,5.72,2.11,14.69,-10.29
ADSE,3.22,3.11,-3.12,0.31,69295,1.63,-4.31,-45.05,-58.92,-43.35,-66.09,22.6,5.77,11.0,-36.57,-52.48,-68.0
MRVL,36.72,36.05,-3.07,-1.26,8452599,0.72,-6.12,-16.12,-16.83,-20.25,-59.52,35.4,3.3,5.67,-11.6,-28.74,-59.52
PEPG,15.08,14.56,-3.06,0.4,48917,0.35,3.34,-2.35,180.0,23.08,12.96,53.7,3.52,7.61,10.99,,-12.13
QURE,23.25,22.6,-2.96,-0.17,397314,0.51,2.96,-15.99,25.28,21.7,5.12,46.9,2.96,5.43,2.91,17.1,-17.28
NTRA,41.28,40.32,-2.94,-0.63,683673,0.44,-1.75,7.29,-6.49,6.89,-55.85,49.9,4.59,6.11,-1.13,-3.54,-56.83
XBI,80.64,78.54,-2.89,-0.3,8818804,1.02,-0.96,-3.11,1.71,6.05,-31.96,42.8,2.27,3.29,-3.19,-2.76,-31.96
IDYA,17.08,16.53,-2.88,0.35,220944,0.48,-1.67,-5.97,25.23,26.28,-31.18,43.3,2.28,4.73,-3.18,22.81,-31.18
GNOM,50.35,49.11,-2.85,-0.39,26681,0.73,-2.23,-5.75,-0.08,0.0,-38.49,39.3,2.36,3.25,-5.26,-7.99,-38.49
LGND,67.77,65.45,-2.78,0.67,85523,0.3,0.57,-11.09,-18.39,-24.95,-56.82,43.0,2.71,5.41,-11.93,-26.78,-59.81
AMBA,80.6,79.05,-2.66,-0.75,221808,0.3,-0.75,9.25,36.06,14.93,-63.43,53.9,3.53,5.03,16.83,5.02,-63.43
LASR,9.78,9.54,-2.65,-0.2,121602,0.44,-0.73,-9.57,-1.34,-11.75,-62.19,39.6,3.77,5.87,-8.78,-20.53,-63.02
IONS,38.3,37.16,-2.62,0.37,856228,0.75,-2.11,-10.59,-12.09,-2.13,13.99,35.1,2.15,3.34,-10.68,-7.87,-23.63
INVE,6.94,6.69,-2.62,1.02,66919,0.63,-3.32,-27.44,-47.24,-40.9,-74.75,23.9,2.36,6.03,-27.95,-45.79,-76.39
CRDO,12.9,12.62,-2.62,-0.46,3048257,2.23,-4.54,-12.36,8.98,6.14,8.33,34.4,2.44,5.04,-8.21,-1.41,-25.33
ASTI,30600.0,30000.0,-2.6,-0.65,1,0.27,-38.02,-54.96,-67.74,,-81.25,21.9,7.59,22.56,-48.97,,-81.97
ASML,546.05,537.18,-2.57,-0.96,802566,0.77,-5.53,-9.24,24.29,10.04,-31.9,40.1,2.4,3.62,-0.85,0.5,-32.52
SRPT,129.71,126.63,-2.55,-0.18,505959,0.61,2.95,10.53,16.89,69.59,40.05,58.3,2.24,3.39,9.09,33.09,-4.16
RNAC,29.4,28.65,-2.55,-0.01,32317,1.62,-13.17,-22.98,-39.55,-26.53,-71.15,26.8,3.83,9.5,-31.36,-32.88,-71.57
SLAB,133.14,131.31,-2.53,-1.17,211146,0.59,-1.29,-6.82,4.05,-8.55,-35.79,43.8,2.79,4.07,-0.84,-3.48,-36.56
ABUS,2.39,2.33,-2.51,0.0,1243388,1.23,-3.72,-12.73,20.73,-10.73,-41.46,39.8,4.04,6.56,-5.98,-5.77,-41.46
MLTX,9.7,9.75,-2.5,-3.0,201226,2.59,4.28,6.21,33.02,89.69,-1.71,55.9,2.97,6.47,9.32,28.77,-26.42
LEDS,1.59,1.57,-2.48,-1.55,22497,0.72,-11.02,-38.72,-32.4,-41.01,-67.92,25.4,4.66,10.86,-31.74,-42.15,-67.92
NXPI,155.55,153.78,-2.47,-1.34,1374931,0.67,-4.05,-10.52,0.66,0.75,-32.14,39.5,2.78,3.86,-3.84,-7.66,-32.62
CEVA,25.71,25.29,-2.43,-0.81,65397,0.39,-4.85,-7.8,-4.31,-24.62,-44.43,38.9,2.73,4.48,-6.8,-21.15,-44.43
AVAV,85.25,82.67,-2.42,0.63,84014,0.37,1.8,-10.22,-1.35,1.17,31.79,44.1,3.19,4.64,-4.63,-6.3,-24.29
CRVO,8.23,8.2,-2.41,-1.96,2984,0.55,-5.77,-11.42,0.19,-21.59,-66.88,42.0,4.61,6.21,-2.04,-25.21,-67.76
MPWR,348.21,342.28,-2.38,-0.68,441436,0.7,-4.66,-7.31,-7.97,-13.48,-30.46,39.2,3.14,4.89,-5.03,-17.12,-36.12
TAN,75.59,73.08,-2.38,0.98,1072764,0.9,-5.58,-11.41,-3.74,1.2,-6.89,37.5,2.41,3.71,-4.26,-2.82,-18.92
PPSI,2.51,2.49,-2.35,-1.57,48863,0.82,-3.11,-23.62,-36.15,-22.19,-66.53,34.9,3.16,6.76,-15.71,-31.13,-71.74
STRO,68.3,67.1,-2.33,-0.58,44929,0.64,-9.08,-9.57,24.95,28.3,-56.17,40.8,3.75,7.64,-6.36,6.67,-56.63
PENG,15.25,14.93,-2.29,-0.2,373133,0.7,-6.1,-13.0,-8.12,-27.03,-59.1,38.3,2.75,4.5,-3.78,-22.67,-59.1
CRNX,16.75,16.32,-2.28,0.3,322341,0.89,5.36,-9.78,-12.21,-8.0,-42.35,43.9,3.43,5.68,-6.9,-15.69,-42.56
CPRX,19.04,18.59,-2.21,0.16,1634884,0.68,13.28,9.55,49.8,170.2,168.64,60.0,4.26,5.57,17.83,66.02,-4.67
MXL,34.02,33.2,-2.18,0.24,260064,0.55,-1.01,-7.16,-0.33,-4.65,-56.87,43.6,3.67,4.62,-2.18,-15.23,-56.87
XSD,166.46,164.02,-2.1,-0.64,50401,0.99,-3.6,-9.5,4.7,4.58,-33.75,39.0,2.27,3.21,-3.34,-5.02,-33.75
IBB,132.03,129.27,-2.09,0.0,1245203,0.7,-0.99,-3.4,12.58,10.3,-14.94,41.7,1.5,2.17,-1.3,4.13,-15.71
PRTA,57.88,56.63,-2.06,0.1,388063,0.61,0.16,-7.48,83.09,111.54,15.05,45.7,4.28,5.85,-3.97,44.09,-12.88
ULBI,3.86,3.81,-2.06,-0.77,36206,0.68,-4.51,-13.01,-18.06,-21.12,-38.35,34.6,3.1,5.61,-16.34,-20.89,-38.35
POWL,11.52,11.31,-2.05,-0.25,291030,0.81,-2.78,32.7,72.07,49.81,22.27,62.6,4.94,4.31,24.07,44.3,-6.41
SYNA,93.57,92.22,-2.05,-0.62,302993,0.64,-3.86,-10.2,-8.89,-25.35,-68.04,41.1,3.0,5.05,-4.13,-28.65,-68.47
GFS,54.74,53.63,-2.03,0.0,1072605,0.35,-7.65,-20.68,1.42,20.87,-19.63,31.2,2.63,4.95,-11.07,-4.54,-32.06
TLT,88.61,88.3,-1.98,-1.63,30026423,1.17,-4.91,-2.21,0.16,-9.28,-28.97,38.8,1.49,1.78,-0.2,-9.44,-30.88
AMD,63.87,63.27,-1.94,-1.01,36085981,0.62,-2.04,-15.8,-5.81,-21.68,-57.89,39.2,2.87,4.77,-5.56,-24.8,-58.69
AMAT,96.18,95.34,-1.93,-1.07,6121361,0.94,-8.32,-9.9,13.57,0.84,-39.83,37.7,2.84,4.12,-3.28,-7.0,-42.38
ISSC,8.25,8.25,-1.9,-1.9,5749,0.31,-0.96,-12.23,-8.33,10.59,25.57,37.2,1.85,3.46,-7.02,3.17,-15.47
BOSC,2.07,2.07,-1.9,-1.9,55961,3.96,-0.0,-10.39,-5.48,-9.61,-26.34,39.1,2.78,4.05,-7.77,-11.47,-34.08
NA,10.5,10.4,-1.89,-0.94,6615,1.38,8.33,-16.13,-67.3,,-91.37,43.1,6.45,13.2,-10.96,,-91.37
VRT,12.85,12.58,-1.87,0.23,2087376,0.88,-0.79,-8.37,30.06,31.28,-48.36,39.9,3.06,4.91,-8.53,4.79,-50.0
MTSI,63.09,62.1,-1.85,-0.28,219410,0.59,-2.5,-9.26,17.04,30.13,-22.13,38.9,2.12,3.5,-3.1,10.0,-22.13
UTHR,280.09,273.75,-1.82,0.46,213139,0.54,0.77,2.12,32.96,16.98,29.97,53.7,1.34,2.53,5.62,23.05,-2.38
SOXX,114.17,113.01,-1.8,-0.79,3531316,1.16,-4.16,-8.85,4.1,-4.8,-37.34,39.3,2.34,3.33,-2.89,-9.99,-37.34
SMH,101.03,99.92,-1.79,-0.69,4636158,0.65,-4.24,-8.65,5.5,-3.76,-35.96,39.1,2.25,3.19,-2.34,-8.79,-35.96
ARQT,14.34,14.05,-1.75,0.28,684474,0.75,-4.62,-21.81,-23.22,-36.22,-38.35,25.9,2.41,6.43,-18.88,-30.13,-47.87
MYGN,15.54,15.37,-1.73,-0.64,724291,0.9,-6.68,-21.74,-15.6,-16.51,-45.13,28.9,2.76,5.87,-17.79,-27.51,-45.13
KLAC,36.54,36.04,-1.67,-0.3,10182134,0.68,-3.27,-2.35,20.75,13.2,-13.6,45.8,2.42,3.52,4.25,8.36,-15.52
ON,61.94,61.36,-1.65,-0.72,5072470,0.87,-4.35,-16.4,-4.56,16.19,-12.56,36.2,2.88,4.82,-9.22,-1.49,-20.01
AXON,168.73,166.25,-1.62,-0.15,291226,0.52,-0.79,-11.53,46.81,75.0,8.75,44.6,2.41,3.63,0.84,32.29,-13.47
LRCX,40.03,39.78,-1.62,-1.0,11335455,0.84,-7.57,-10.21,8.04,-6.78,-43.31,38.2,3.12,4.35,-5.38,-9.83,-43.65
VRCA,25.1,24.7,-1.59,0.0,5358,0.54,-10.18,-4.63,-13.94,6.01,-73.97,38.4,6.55,10.45,-7.97,-38.79,-74.08
IVA,4.42,4.38,-1.57,-0.67,11882,1.94,-2.67,16.8,18.7,-32.41,-67.09,50.3,3.72,6.96,-5.54,-34.54,-69.16
BLD,156.8,155.76,-1.54,-0.88,131987,0.45,-1.46,3.53,-1.51,-6.83,-42.09,48.0,2.06,3.69,-0.27,-12.58,-44.08
AMSC,3.39,3.35,-1.47,-0.29,169638,0.68,-5.37,-20.8,-26.37,-33.13,-69.6,40.4,4.15,7.81,-13.37,-35.75,-69.6
ENVX,10.96,10.8,-1.46,0.0,2647065,1.05,0.47,-14.56,-40.56,11.23,-60.24,39.0,3.83,7.95,-18.67,-22.76,-60.41
HELX,29.92,29.75,-1.44,-0.87,3230,3.95,0.11,-5.73,2.35,-7.32,-37.11,40.5,1.66,1.7,-3.48,-8.8,-38.77
NPK,68.9,68.13,-1.42,-0.3,10236,0.36,1.34,-2.89,5.76,4.54,-13.0,47.0,1.36,2.35,-1.18,-2.87,-17.75
RGNX,22.31,21.94,-1.39,0.27,379181,0.96,-0.36,-2.96,-5.39,-10.01,-36.05,44.7,3.28,5.5,-2.94,-16.07,-37.39
QUIK,5.12,5.04,-1.37,0.1,12620,0.48,1.61,-18.05,-21.13,-41.19,-4.55,35.6,2.62,4.97,-16.32,-22.24,-43.88
UFO,19.51,19.2,-1.34,0.26,7835,1.11,-0.57,-6.11,7.44,-4.28,-27.89,43.7,2.01,2.33,-3.13,-9.01,-28.1
ADTN,18.76,18.54,-1.33,-0.16,253563,0.47,-0.43,-8.62,-1.85,1.73,-17.9,40.9,3.13,3.99,-8.0,-6.61,-25.79
CLDX,44.09,43.53,-1.31,-0.05,277197,0.41,4.69,29.4,56.53,51.73,11.1,62.8,3.88,4.97,19.39,37.02,-4.08
MCHP,69.44,69.03,-1.29,-0.7,3642293,0.82,-3.43,-8.77,10.92,17.12,-20.26,39.9,2.37,3.58,-1.38,3.02,-20.48
ILMN,189.76,188.77,-1.29,-0.77,820439,0.67,-1.47,-13.8,1.03,0.71,-50.44,33.9,2.33,4.24,-12.56,-19.46,-55.46
LINK,3.95,3.95,-1.28,-1.28,418,0.08,-2.25,-3.76,5.15,2.13,-6.77,45.3,1.17,2.83,-0.35,-1.39,-23.34
ALGM,30.07,29.86,-1.26,-0.56,732072,0.42,0.44,-3.52,34.08,40.92,-17.99,48.2,2.36,3.56,6.13,19.61,-17.99
QCOM,109.75,109.46,-1.25,-0.98,6158132,0.78,-2.8,-10.77,-8.46,-15.82,-39.95,38.2,2.66,3.77,-6.52,-16.19,-40.74
CNEY,574.2,592.58,-1.24,-4.3,133,0.08,11.33,-51.82,-63.42,-64.73,-73.03,38.2,12.31,24.28,-45.26,-56.98,-73.03
BOTZ,20.56,20.28,-1.17,0.19,446301,0.9,-2.17,-5.1,11.25,-3.15,-43.67,42.6,1.8,2.34,-0.72,-8.21,-44.12
DIOD,76.69,75.94,-1.17,-0.2,164159,0.64,-4.74,-14.88,18.14,15.29,-31.58,36.3,2.28,3.83,-5.36,0.51,-32.14
MGTX,5.97,5.94,-1.16,-0.67,176828,0.69,2.06,-6.9,-26.12,-19.84,-74.59,42.2,2.78,6.4,-10.16,-33.02,-74.98
ICLN,20.04,19.76,-1.15,0.25,3071690,0.53,-2.13,-5.0,0.51,3.19,-6.77,41.1,1.56,2.36,-0.48,-2.13,-16.31
ZNTL,18.18,18.07,-1.15,-0.55,387556,0.86,-2.85,-16.46,-14.28,-32.93,-77.66,36.3,3.45,6.87,-15.92,-32.39,-78.5
GNRC,92.42,91.15,-1.13,0.25,1188363,0.61,-0.63,-13.4,-49.42,-58.0,-73.8,39.4,3.18,5.85,-12.82,-55.62,-74.18
XHE,88.93,88.0,-1.11,-0.07,17517,0.64,-0.44,-2.66,4.72,2.73,-26.36,44.4,1.58,2.09,-0.56,-5.15,-26.36
ACAD,15.51,15.3,-1.1,0.26,709617,0.64,1.32,1.26,-8.55,9.29,-37.27,49.4,2.99,4.1,-0.65,-12.17,-44.36
APG,12.43,12.27,-1.08,0.22,714196,0.76,-0.81,-2.08,36.1,17.65,-28.54,48.3,1.48,2.63,2.99,6.62,-30.14
QRVO,89.83,89.53,-1.07,-0.74,943964,0.76,-3.75,-6.68,8.84,-9.15,-43.84,41.2,2.36,3.67,-2.65,-10.83,-44.2
FTAI,17.34,17.2,-1.04,-0.23,450836,0.24,-0.41,1.18,16.22,-4.79,-33.52,50.1,3.09,4.68,2.05,-6.92,-37.45
ECHO,16.87,16.72,-1.01,-0.12,216962,0.69,5.62,-4.13,3.34,-14.61,-37.57,50.1,1.53,3.19,-3.63,-16.01,-37.57
ADI,163.57,162.2,-1.0,-0.16,1932072,0.61,-1.78,-2.49,14.89,10.25,-6.71,46.7,1.86,2.71,2.9,3.85,-9.0
IESC,34.18,33.86,-0.99,-0.06,32388,0.54,8.21,1.83,27.2,12.45,-35.43,54.7,4.02,5.07,2.87,4.1,-36.71
KRYS,76.68,75.9,-0.95,0.07,152287,0.88,-0.09,-3.58,9.76,17.04,5.26,49.6,2.47,4.45,0.76,9.59,-7.89
GTLS,112.43,111.65,-0.94,-0.25,609851,0.42,-0.92,-17.47,-37.75,-31.21,-27.41,31.2,3.48,6.47,-28.56,-35.52,-53.38
ITRN,21.35,21.26,-0.93,-0.51,16704,0.35,-1.89,-8.24,-6.24,-13.0,-17.99,29.7,1.26,2.57,-7.27,-9.82,-21.65
SWKS,88.06,88.06,-0.89,-0.89,1663948,0.69,-3.95,-5.22,-4.95,-7.33,-43.65,41.4,2.28,3.57,-2.17,-13.11,-44.17
CRUS,74.7,74.3,-0.89,-0.36,247300,0.51,-2.43,-1.08,0.55,1.78,-20.95,47.3,2.17,3.1,2.37,-3.0,-21.21
MTZ,84.19,84.25,-0.88,-0.95,356099,0.51,-1.36,-7.23,20.08,15.73,-10.54,44.5,2.1,3.25,-0.81,5.89,-12.76
IMOS,20.07,20.04,-0.84,-0.7,19223,0.71,-0.61,-1.39,11.78,-25.53,-34.29,48.8,1.63,2.09,1.65,-15.24,-39.2
ARKX,12.17,12.07,-0.82,0.0,79910,0.96,-0.49,-8.42,-3.9,-11.45,-36.31,36.8,1.71,2.37,-6.54,-15.84,-36.61
ANET,29.97,29.71,-0.76,0.1,2807776,0.36,-3.01,-12.45,7.16,24.77,-16.44,36.4,1.98,3.34,-5.26,1.45,-18.43
VST,23.82,23.69,-0.75,-0.21,2208224,0.63,-0.71,-0.82,8.45,3.46,7.44,50.6,1.29,2.52,2.22,0.6,-11.48
CGNX,47.49,47.1,-0.72,0.11,482885,0.47,0.68,-3.76,10.61,5.83,-38.46,45.8,2.43,3.46,-0.91,-7.44,-40.85
NPWR,10.25,10.16,-0.68,0.2,78316,0.18,-0.88,1.75,2.83,3.89,1.6,55.9,0.44,0.66,1.43,2.95,-1.26
IWM,174.36,173.22,-0.67,-0.02,13553781,0.58,0.7,-6.66,5.15,0.97,-22.37,40.4,1.38,2.13,-3.57,-5.05,-22.37
GRID,88.08,87.56,-0.65,-0.06,31116,0.59,-1.27,-5.85,15.32,10.52,-14.02,40.8,1.3,1.74,0.02,3.09,-14.55
FIX,118.91,117.45,-0.63,0.61,90518,0.5,0.64,-6.8,21.89,42.93,20.4,44.4,1.14,2.4,-1.28,18.54,-7.46
WMS,82.61,82.28,-0.6,-0.21,581137,0.79,-1.33,-14.56,-31.45,-8.67,-38.55,33.6,2.06,3.9,-15.0,-25.66,-46.05
INTC,24.92,25.01,-0.58,-0.94,30642681,0.77,-3.17,-11.59,-2.23,-29.71,-49.32,33.8,1.72,3.3,-7.58,-26.73,-51.76
FAST,22.53,22.38,-0.56,0.06,4202718,0.55,-0.54,-9.25,1.88,-2.15,-21.52,35.6,1.42,2.44,-3.89,-7.04,-24.49
TSEM,43.65,43.71,-0.48,-0.61,238080,0.44,-3.51,-1.0,0.83,-6.1,8.68,41.7,0.94,1.43,0.74,-4.82,-11.01
AIRR,44.36,44.12,-0.47,0.07,15537,0.34,1.05,-6.64,15.69,16.91,-2.43,44.0,1.43,1.97,-1.5,6.09,-6.64
ROKT,39.18,39.01,-0.46,-0.02,853,0.82,0.44,-1.32,16.13,10.76,-2.17,51.1,1.62,1.39,1.58,3.24,-6.29
CEG,88.44,87.64,-0.45,0.45,634390,0.37,-0.1,-9.8,4.53,51.4,95.88,42.1,1.49,2.77,-3.81,20.4,-9.8
DY,93.06,93.34,-0.44,-0.74,179988,0.44,4.59,2.1,-4.22,-1.8,-2.56,49.9,2.29,3.74,-7.66,-5.02,-22.93
INKT,22.5,23.1,-0.43,-3.02,243,0.22,5.48,-10.12,15.5,73.68,-51.37,45.8,3.53,7.66,-3.83,9.97,-51.37
AMKR,24.58,24.4,-0.41,0.33,368016,0.45,-0.29,-10.38,46.24,42.36,-6.09,43.2,2.15,3.77,1.09,19.04,-14.99
HY,25.98,25.7,-0.39,0.7,29946,0.48,-8.21,-13.79,5.36,-21.22,-36.82,30.1,2.41,4.0,-10.59,-16.47,-40.63
MRAM,5.24,5.25,-0.38,-0.57,114765,1.12,-0.19,-20.33,-14.08,1.16,-58.86,37.9,3.89,5.5,-11.58,-18.3,-58.86
BMY,73.18,72.61,-0.38,0.4,5971713,0.61,-0.75,-8.37,3.98,-6.39,20.98,30.5,1.05,1.94,-5.27,-1.72,-10.5
TXN,163.66,163.78,-0.37,-0.44,3535587,0.7,-2.29,-7.51,2.72,7.79,-11.64,38.6,1.68,2.59,-2.74,-1.78,-12.41
MU,49.61,50.02,-0.36,-1.18,15159131,0.85,-3.29,-14.36,-0.9,-13.2,-47.48,35.4,2.25,4.0,-9.53,-18.53,-48.34
ROBO,46.09,45.95,-0.35,-0.04,109745,0.97,-1.18,-5.45,11.04,-0.22,-34.6,42.2,1.63,2.17,-0.68,-5.02,-34.91
LUNR,10.03,9.97,-0.3,0.3,4882,0.06,0.1,1.12,2.26,3.53,2.89,55.7,0.24,0.39,0.77,,-0.3
FLR,35.09,35.08,-0.28,-0.26,606145,0.46,4.37,2.78,48.14,46.53,39.87,58.2,2.21,3.06,7.62,25.03,-1.63
LIT,60.25,59.51,-0.27,0.97,578057,1.09,-5.3,-10.02,-13.72,-20.93,-30.69,27.1,1.95,2.5,-11.53,-16.34,-30.69
PCAR,66.93,66.65,-0.23,0.19,1565519,0.45,1.22,1.02,28.36,28.44,21.71,60.9,1.15,2.11,5.53,18.64,-0.71
NEE,84.1,84.0,-0.2,-0.08,4726551,0.77,0.57,-1.57,4.13,10.98,-6.4,50.7,1.29,2.11,3.55,4.92,-8.11
BZAI,10.24,10.17,-0.2,0.49,840,0.0,-0.2,0.1,2.01,2.42,3.56,54.9,0.17,0.22,0.74,,-0.59
XAR,109.33,108.75,-0.2,0.33,65872,0.98,0.85,-1.57,17.17,8.62,-6.99,50.9,1.48,1.94,1.35,0.96,-14.06
RVMD,21.97,22.0,-0.18,-0.32,648455,0.53,-0.05,0.59,16.65,25.71,-15.9,45.9,4.49,6.58,1.89,4.83,-19.03
POWI,71.8,71.93,-0.18,-0.36,164297,0.46,-0.11,-7.5,8.93,-4.9,-21.57,44.2,2.24,3.61,-0.66,-6.29,-26.16
CLS,10.83,10.84,-0.18,-0.28,268889,0.83,0.09,-3.64,29.67,8.51,-3.3,47.8,2.09,3.01,0.26,2.64,-15.64
DE,438.05,436.15,-0.18,0.26,713799,0.48,0.8,-1.21,30.36,42.06,25.76,57.3,0.93,1.97,5.16,16.92,-2.12
PWR,144.5,143.97,-0.16,0.21,417666,0.43,1.13,-3.06,14.73,16.14,28.45,46.5,1.86,2.61,-0.28,7.96,-5.94
TEX,43.07,43.0,-0.14,0.02,278478,0.47,0.89,-6.03,47.01,50.82,-1.53,50.1,1.97,3.54,3.05,21.75,-6.82
BWXT,58.52,58.16,-0.14,0.48,231728,0.56,0.59,-4.56,15.03,10.3,21.82,46.0,1.34,2.1,-0.23,7.6,-6.54
IPGP,92.98,92.83,-0.12,0.04,172454,0.58,2.01,1.8,8.8,-0.94,-46.59,52.7,1.92,3.14,3.15,-3.22,-46.82
CBAT,0.98,0.98,-0.1,0.0,381038,2.09,-10.91,-16.24,-21.6,-13.27,-38.36,29.8,3.15,5.43,-15.92,-18.54,-39.13
TEL,114.52,113.86,-0.08,0.5,972640,0.62,-1.45,-11.04,0.82,-0.07,-28.1,35.4,1.49,2.53,-5.06,-6.86,-29.47
LII,242.78,242.93,-0.06,-0.12,134413,0.41,-0.8,-9.16,9.78,21.15,-21.65,40.7,1.75,3.14,-2.4,3.31,-24.4
RMBS,36.01,35.98,-0.03,0.06,395809,0.53,-0.83,-3.54,41.43,66.11,22.71,45.5,1.48,2.7,2.55,28.74,-7.03
FELE,80.0,79.98,-0.01,0.01,77749,0.49,1.81,-5.08,-0.63,10.44,-13.42,46.1,1.62,2.74,-2.7,-0.86,-16.59
NVEC,65.77,65.6,0.0,0.26,23031,0.59,0.57,-0.97,40.48,38.0,2.03,53.8,2.21,3.38,3.38,26.42,-3.84
OKLO,9.9,9.88,0.0,0.2,3627,0.01,0.1,0.2,1.65,2.28,0.2,54.2,0.24,0.34,0.45,1.36,-1.2
HOLO,20000.0,20000.0,0.0,0.0,3,0.41,0.0,-1.32,27.55,-75.3,-74.87,46.3,2.64,5.25,0.63,-65.91,-75.85
MOBX,102.9,102.9,0.0,0.0,30,0.09,0.88,1.48,2.29,3.73,4.47,69.9,0.37,0.23,1.45,3.11,-1.34
STTK,2.45,2.41,0.0,1.66,29392,0.28,-3.6,5.24,-10.74,-40.64,-72.89,51.0,3.79,9.45,-1.27,-29.12,-72.89
NTAP,59.29,59.05,0.02,0.42,689617,0.3,-0.24,-20.91,-4.86,-8.64,-34.33,29.8,1.95,3.07,-11.91,-15.51,-36.8
AOSL,28.57,28.74,0.03,-0.56,175172,0.65,-1.54,-18.58,-10.27,-16.31,-53.8,33.8,2.5,4.9,-12.42,-25.17,-56.27
GWW,569.27,565.33,0.04,0.74,229474,0.71,0.72,-6.44,16.4,26.21,12.27,43.2,1.24,2.16,-1.68,8.42,-7.08
IHI,52.02,52.13,0.06,-0.15,1881953,2.91,1.42,-0.36,10.75,3.86,-20.03,50.5,1.41,1.83,2.06,-1.21,-21.02
MMM,120.14,120.22,0.07,0.0,1811184,0.6,-1.56,-6.84,8.2,-5.72,-29.49,39.9,1.37,2.49,-2.67,-8.45,-30.77
LFUS,219.97,218.79,0.09,0.63,64339,0.61,0.74,-10.65,11.25,-14.53,-30.12,40.3,1.89,3.32,-3.43,-8.01,-31.76
LHX,207.0,206.45,0.1,0.37,637892,0.52,0.44,-9.72,-2.38,-11.58,-0.54,33.5,1.33,2.46,-8.82,-11.05,-22.28
LOGI,61.78,61.69,0.1,0.24,312389,0.58,5.47,4.42,34.61,18.31,-26.08,58.5,2.09,2.65,9.81,8.99,-26.7
TT,169.9,170.12,0.1,-0.03,551792,0.46,0.78,-4.58,17.88,33.04,-11.16,46.8,1.3,2.27,1.4,13.43,-14.52
SMTC,27.38,27.5,0.11,-0.33,624250,0.33,2.34,-7.13,-7.93,-50.51,-69.44,43.3,2.31,4.26,-3.05,-41.53,-69.44
MYRG,90.02,90.36,0.12,-0.25,46705,0.48,4.46,-7.29,6.16,2.99,-17.07,48.4,1.79,3.09,-1.2,-0.21,-18.26
CSL,237.41,238.21,0.13,-0.2,156573,0.44,0.38,-7.78,-12.96,-0.1,-1.95,38.0,1.25,2.66,-5.18,-9.26,-24.34
ALDX,6.69,6.61,0.15,1.36,476017,1.2,8.72,21.06,20.18,65.66,54.8,64.6,3.62,5.08,15.49,31.98,-14.6
EME,149.8,150.08,0.15,-0.03,132544,0.37,2.16,-3.42,31.98,45.13,18.39,54.7,1.26,2.12,3.06,24.92,-3.42
CARR,41.68,41.87,0.19,-0.26,2228925,0.59,0.89,-5.29,18.26,16.81,-19.31,46.2,1.45,2.46,1.14,4.72,-21.87
AVGO,53.35,53.55,0.2,-0.16,17240150,0.61,0.71,5.33,20.1,12.92,-13.87,58.9,2.1,2.5,9.75,6.23,-15.06
WSO,251.96,252.67,0.2,-0.08,133292,0.51,0.54,-9.35,-0.84,7.85,-14.37,41.3,1.65,2.89,-4.21,-4.82,-16.66
MSM,83.33,83.45,0.2,0.06,185709,0.6,2.18,-0.77,16.45,15.68,3.19,52.3,1.06,1.93,1.12,4.58,-2.77
AIRJ,10.04,10.05,0.2,0.1,12472,0.07,0.35,1.01,2.24,3.08,2.61,63.6,0.24,0.32,1.23,,0.0
CNM,19.24,19.2,0.21,0.42,524788,0.55,0.31,-9.48,-12.89,-13.59,-37.62,37.6,1.94,3.78,-8.87,-15.58,-39.05
J,117.72,117.65,0.22,0.28,190668,0.38,2.2,-2.01,11.07,-2.42,-12.57,50.5,1.41,2.3,1.05,-4.52,-17.79
GVA,35.37,35.51,0.25,-0.14,101358,0.42,1.81,0.03,35.89,23.22,-8.12,55.1,1.58,2.5,5.41,14.69,-9.78
FTV,48.02,47.96,0.27,0.37,982015,0.47,1.12,-5.41,9.84,17.35,-12.18,44.9,1.65,2.18,-1.1,4.64,-15.31
EXTR,18.61,18.5,0.27,0.87,581624,0.53,-0.16,-8.87,47.65,98.71,17.39,45.3,2.55,3.53,1.33,39.36,-11.78
OSIS,79.96,79.86,0.28,0.4,31389,0.42,0.85,-10.63,9.29,-6.31,-14.78,37.2,1.5,2.5,-4.09,-4.72,-21.82
XLI,98.54,98.69,0.3,0.15,5213773,0.52,1.62,-2.58,18.08,13.23,-4.77,50.6,1.17,1.73,1.85,5.06,-6.65
ITA,111.46,111.2,0.31,0.54,531274,1.14,1.71,-0.39,20.57,13.96,8.06,54.1,1.18,1.8,2.59,7.49,-2.55
JCI,64.18,64.3,0.31,0.12,1162938,0.31,1.32,-3.29,31.16,34.38,-16.91,49.9,1.29,2.23,2.69,14.0,-18.91
IEX,230.2,230.06,0.32,0.38,202199,0.49,1.67,-2.79,16.23,28.02,0.92,48.6,1.54,1.98,1.36,13.38,-4.95
ROK,257.51,257.55,0.32,0.3,290751,0.4,2.75,-2.76,21.98,31.5,-23.06,49.5,1.71,2.69,1.09,8.57,-25.13
WTS,146.25,147.34,0.33,-0.42,44256,0.34,3.03,-5.4,20.18,20.81,-22.55,47.4,1.94,2.78,0.19,7.95,-24.09
STRL,32.74,32.85,0.34,0.0,118036,0.66,6.1,1.86,57.71,46.85,22.16,60.7,2.05,2.88,7.8,26.94,-2.29
HEI,154.63,154.71,0.34,0.29,224409,0.65,3.53,-4.82,8.36,17.86,8.01,46.5,1.72,2.47,-1.85,3.87,-6.55
ETN,157.4,157.34,0.34,0.38,1337629,0.83,1.84,-5.28,20.45,22.96,-4.65,48.9,1.37,2.06,0.99,9.52,-6.95
GD,249.24,248.74,0.34,0.54,590919,0.63,1.82,-1.98,14.39,14.1,22.59,52.0,0.97,1.8,0.49,7.27,-2.74
ENS,73.47,73.29,0.36,0.6,97188,0.41,1.33,-3.22,24.86,25.2,-8.7,48.5,1.99,3.01,2.83,9.98,-9.93
RTX,99.6,99.66,0.36,0.3,2600231,0.62,2.17,2.25,23.76,7.52,16.63,57.9,1.02,1.91,4.43,7.21,-3.37
NVT,38.18,38.36,0.37,-0.1,400333,0.41,2.92,-4.53,25.17,22.7,3.33,50.3,1.43,2.27,1.75,11.06,-4.6
COHU,31.47,31.69,0.38,-0.32,122988,0.57,-1.46,-10.0,21.93,14.4,-19.3,37.8,2.36,3.68,-4.88,8.17,-19.3
NOVT,138.32,138.47,0.38,0.28,71009,0.47,-0.1,-13.2,16.91,11.41,-20.31,40.2,2.32,3.69,-4.18,2.99,-21.47
BDC,73.51,73.51,0.41,0.41,127085,0.44,0.33,-7.77,22.82,35.79,13.64,43.5,1.96,2.67,-1.33,17.37,-10.24
PHO,51.55,51.79,0.43,-0.04,55284,0.74,2.03,-2.92,12.96,12.88,-13.2,49.7,1.36,1.77,1.49,3.91,-14.66
LITE,50.83,50.79,0.45,0.53,552792,0.52,-0.02,-9.03,-27.46,-36.84,-52.59,34.4,2.45,3.58,-15.45,-35.04,-52.8
LMT,485.0,485.5,0.46,0.35,788966,0.67,0.77,1.05,22.21,16.89,40.6,55.1,1.04,1.78,2.42,11.66,-2.16
MX,8.7,8.75,0.46,-0.11,484073,1.71,1.39,-10.44,-16.75,-41.12,-56.66,39.0,2.29,3.99,-8.02,-35.8,-58.27
HON,199.3,200.22,0.48,0.01,1568042,0.5,2.62,-2.34,26.97,23.34,6.06,56.0,1.16,1.91,3.64,12.55,-2.34
PAVE,26.8,26.93,0.49,0.0,405727,0.92,1.97,-3.23,17.34,17.34,-5.18,49.2,1.36,1.92,1.23,4.52,-6.85
HUBB,235.75,236.93,0.51,0.01,129626,0.22,0.06,-7.94,9.62,32.22,17.87,43.5,1.77,2.62,-1.93,13.37,-8.18
GRC,25.6,25.7,0.51,0.12,24908,0.41,1.94,-7.22,5.34,-7.47,-40.13,42.4,1.73,2.8,-4.18,-9.84,-41.25
PPA,78.03,78.19,0.53,0.32,125779,0.72,1.96,-1.55,19.47,12.99,8.41,53.3,1.16,1.71,2.04,6.87,-2.53
KTOS,9.38,9.49,0.53,-0.64,894307,0.94,1.82,1.5,-9.62,-32.36,-51.7,48.8,2.22,3.94,-4.46,-29.58,-56.63
AME,139.89,140.13,0.54,0.37,447483,0.48,2.3,-1.56,25.52,27.67,-1.8,54.0,1.4,1.92,3.73,12.45,-4.29
HXL,58.32,58.36,0.55,0.48,236035,0.52,4.18,-3.92,11.36,11.97,9.34,50.4,2.0,2.94,0.87,2.93,-9.1
NDSN,236.62,237.61,0.55,0.13,166400,0.62,1.8,0.93,13.48,17.77,-4.38,54.8,1.53,2.26,3.52,7.5,-6.53
PH,292.01,292.57,0.55,0.36,378221,0.49,3.49,-4.4,23.35,18.11,-5.78,50.6,1.42,2.31,0.4,7.0,-9.2
IR,52.42,52.59,0.59,0.27,1717664,0.67,2.98,-1.55,22.55,22.94,-11.66,49.5,1.6,2.56,1.14,9.67,-14.86
PRIM,21.96,22.05,0.59,0.18,130638,0.58,3.86,2.18,30.09,-2.65,-11.46,62.5,1.56,2.68,6.48,0.7,-19.86
GGG,66.8,67.19,0.61,0.03,324942,0.44,2.35,-4.32,12.33,13.42,-13.49,47.8,1.46,2.2,-0.81,3.95,-15.57
XLU,32.4,32.53,0.62,0.23,13391027,0.53,2.47,1.4,4.48,4.49,3.69,58.6,1.08,1.74,4.94,1.63,-7.3
PNR,44.42,44.68,0.63,0.05,686785,0.54,1.94,-3.27,10.03,-0.9,-36.01,50.6,1.75,2.75,2.06,-4.91,-38.07
WCC,123.79,123.96,0.63,0.49,288388,0.79,1.79,-3.0,7.7,12.38,-5.68,49.6,2.32,3.39,-1.87,-0.97,-14.3
BMI,107.22,107.77,0.65,0.14,86579,0.6,0.82,-5.49,18.98,39.47,4.58,45.1,1.69,2.64,-0.99,16.82,-6.29
DFEN,19.57,19.6,0.67,0.51,235001,0.72,4.26,-2.49,64.57,31.9,2.36,52.5,3.53,5.32,5.68,12.07,-18.04
ROP,430.34,433.15,0.71,0.05,287771,0.83,2.31,-0.74,18.25,10.94,-8.28,54.2,1.39,1.95,3.38,3.15,-11.47
APH,37.46,37.66,0.71,0.18,3156076,0.72,0.53,-4.71,12.11,18.62,-10.73,45.2,1.87,2.23,-0.45,5.49,-12.2
MOG-A,87.49,87.5,0.74,0.73,62640,0.44,1.18,-1.4,23.96,13.31,10.12,54.9,1.87,2.66,2.79,7.54,-1.95
DELL,39.22,39.41,0.74,0.26,1832561,0.61,1.05,-11.7,14.61,-18.06,-29.13,40.9,1.86,2.84,-2.33,-8.63,-33.55
IRDM,50.47,51.02,0.79,-0.3,523535,0.92,2.76,-2.63,16.59,36.27,24.02,51.2,1.83,2.8,0.62,17.88,-3.92
ITW,221.98,223.74,0.8,0.0,766879,0.7,2.97,-2.28,22.78,23.95,-6.32,55.3,1.25,2.04,2.92,10.65,-7.87
AZZ,39.1,39.2,0.8,0.54,62345,0.48,0.33,-5.34,10.05,-3.99,-28.54,44.5,1.96,2.88,-1.56,-7.12,-28.61
AIT,127.37,127.34,0.8,0.82,97865,0.49,2.98,-3.46,29.5,35.53,25.7,52.7,1.32,2.23,1.79,18.43,-3.89
CNH,15.06,15.15,0.81,0.19,2475049,0.54,2.78,1.31,47.46,33.88,-1.0,61.7,1.34,2.09,10.04,19.26,-14.84
SMCI,8.25,8.29,0.85,0.39,7901640,0.54,5.88,-11.7,54.93,98.3,81.7,49.4,3.56,5.32,4.13,42.8,-11.7
DOV,134.98,135.88,0.86,0.19,410356,0.46,2.64,-4.63,16.89,12.43,-22.69,48.9,1.55,2.17,0.84,2.38,-24.62
HWM,39.25,39.4,0.87,0.49,2134079,0.81,4.84,3.58,26.83,23.8,22.22,60.2,1.57,2.41,6.47,11.9,0.0
XYL,109.99,110.72,0.9,0.24,468220,0.54,2.06,-2.45,25.64,42.98,-4.04,52.1,1.6,2.33,3.11,20.77,-6.47
ALLE,104.93,105.98,0.9,-0.1,442957,0.76,1.35,-6.95,19.54,8.57,-16.77,46.5,1.67,2.68,-0.23,2.09,-18.7
NLR,54.75,55.04,0.92,0.39,15085,3.18,3.44,-2.27,5.36,4.55,-0.17,51.6,1.29,1.59,0.96,0.28,-7.43
SPXC,65.29,65.9,0.92,-0.02,65527,0.32,1.87,-6.92,22.42,22.65,11.87,48.1,2.15,2.92,-1.45,16.85,-9.82
MTW,9.5,9.56,0.95,0.32,120265,0.58,0.21,-1.04,19.8,-11.15,-49.82,52.5,2.54,3.85,2.77,-12.9,-51.69
TDG,624.02,626.45,0.99,0.6,184159,0.64,4.05,-1.59,17.79,20.97,0.42,56.0,1.82,2.44,4.76,6.66,-5.85
SMR,10.06,10.21,0.99,-0.49,400376,0.6,2.51,-9.0,-18.32,-4.04,1.39,42.2,2.32,4.25,-7.77,-10.32,-33.36
AGX,36.52,36.79,0.99,0.25,70763,0.87,2.54,-1.31,16.09,-1.52,-3.93,55.0,2.33,3.19,3.45,1.8,-9.99
GTES,11.18,11.27,0.99,0.18,414647,0.7,3.02,-3.34,14.53,1.71,-30.26,51.5,2.25,3.16,0.62,-5.27,-32.51
FLS,30.22,30.38,1.0,0.47,430173,0.55,4.4,-4.19,23.95,5.25,0.02,51.2,1.95,2.83,1.81,-0.16,-16.82
NRG,31.96,32.24,1.03,0.16,3349542,0.59,2.22,-23.53,-17.51,-13.27,-22.24,32.9,3.7,3.94,-18.77,-18.53,-29.99
ZBRA,249.35,251.0,1.12,0.46,252510,0.51,2.99,-7.69,-5.27,-16.95,-57.01,46.5,1.97,3.71,-2.33,-20.05,-58.24
ACM,84.7,85.64,1.12,0.01,470763,0.62,3.33,1.83,27.39,31.83,11.65,62.8,1.22,1.97,7.48,17.13,-0.3
RRX,119.16,119.97,1.13,0.45,711166,1.11,5.13,-7.59,-11.61,4.25,-29.22,45.5,2.26,3.23,-6.06,-9.46,-31.22
EMR,95.85,96.66,1.17,0.32,3330046,0.91,2.2,0.56,33.06,19.96,7.8,57.8,1.34,2.01,5.44,11.41,-1.44
CMI,242.03,244.09,1.17,0.32,805128,0.87,2.91,-2.53,20.9,26.14,14.21,54.5,1.26,2.24,1.44,14.28,-2.81
OSK,87.41,88.4,1.2,0.07,245520,0.58,3.44,-4.96,26.05,5.63,-21.2,52.6,1.6,2.5,0.88,1.48,-27.85
PEG,61.22,61.81,1.2,0.23,1791980,0.62,4.13,5.32,4.72,0.39,-3.43,62.8,1.37,2.07,6.84,-1.53,-15.2
NOC,538.0,541.19,1.2,0.6,454538,0.72,1.63,2.53,14.52,17.27,42.43,56.9,1.31,2.27,2.98,12.91,-1.1
GE,65.17,65.84,1.28,0.26,5334315,0.71,6.12,-5.92,28.62,26.02,-13.55,52.6,1.9,2.67,2.03,7.99,-19.35
MWA,10.78,10.92,1.3,0.0,449182,0.52,0.28,-6.27,7.43,-5.13,-21.86,43.1,1.56,2.67,-3.17,-5.97,-23.2
FERG,125.43,126.51,1.32,0.46,858671,0.14,0.89,5.62,25.39,14.72,-28.19,59.6,1.99,2.56,8.73,7.74,-28.19
ASTE,41.19,41.58,1.34,0.39,63740,0.62,1.66,-6.12,30.02,-0.01,-39.73,48.7,2.35,3.85,-0.33,0.96,-41.3
MEI,44.51,44.87,1.36,0.54,201174,1.14,1.91,-1.64,21.19,19.74,-6.56,49.2,2.51,2.86,2.4,8.22,-10.67
CAT,240.69,243.14,1.36,0.34,3381464,1.1,4.67,3.16,50.68,31.49,20.22,64.4,1.39,2.3,8.49,20.1,0.0
AAON,50.63,51.14,1.37,0.37,204668,0.63,1.14,-2.11,41.12,47.49,-1.18,52.1,1.85,3.15,6.0,29.61,-4.47
WKEY,4.7,4.6,1.38,3.58,23282,2.8,6.98,4.55,27.77,-31.34,-77.4,57.9,2.77,5.87,12.28,-30.84,-79.42
ITT,80.06,81.16,1.46,0.09,340180,0.85,5.43,-3.73,22.96,20.41,-19.07,53.3,1.99,2.54,3.03,10.22,-21.03
ALOT,12.1,12.25,1.58,0.33,22720,1.97,2.25,3.81,4.79,3.55,-7.34,59.7,1.28,2.96,3.06,-2.24,-19.46
D,60.79,61.78,1.63,0.0,2955947,0.45,4.27,1.52,-15.63,-19.81,-18.29,58.1,1.28,2.47,0.08,-17.33,-28.17
SATL,3.01,3.1,1.64,-1.31,11575,0.45,-0.64,-30.49,-28.74,-18.85,-47.72,35.6,8.34,11.29,-30.89,-41.87,-68.62
CCJ,22.39,22.81,1.74,-0.13,4368717,1.0,6.54,-5.38,-13.33,1.36,0.82,51.9,2.4,3.29,-1.45,-8.51,-27.52
ATKR,114.24,116.0,1.76,0.22,268395,0.59,2.35,-1.05,61.92,37.39,5.03,51.7,2.19,3.54,7.62,19.55,-7.48
GSIT,1.63,1.66,1.84,0.0,34332,1.02,-2.92,-21.69,-41.75,-53.24,-63.91,32.5,4.26,7.44,-17.19,-47.2,-65.63
WDC,22.98,23.55,1.9,-0.59,4514914,0.64,-1.24,-16.52,-4.74,-33.31,-52.72,35.7,2.79,4.65,-11.07,-29.95,-53.9
URA,19.96,20.19,1.92,0.76,1847118,0.97,5.87,-3.49,1.87,4.07,-16.04,52.2,2.4,2.89,-0.37,-6.0,-28.39
SIMO,62.43,63.6,1.94,0.06,142385,0.55,-0.17,3.84,-5.78,-22.21,-31.83,51.1,1.3,2.91,4.67,-14.11,-32.39
NAMS,11.5,11.52,1.95,1.77,7845,0.26,1.86,15.66,,,15.66,41.8,8.09,16.75,,,-4.0
LEU,31.8,32.06,2.07,1.24,117755,0.99,1.01,-15.45,-18.59,24.41,-39.18,39.0,2.93,6.33,-16.24,-8.02,-41.29
FLUX,4.17,4.24,2.17,0.48,28821,0.5,-7.02,-1.17,66.93,76.67,-2.97,42.2,4.84,9.03,-0.52,40.69,-21.48
DCO,48.74,49.68,2.18,0.25,29354,0.63,4.28,-2.82,24.11,17.45,4.11,53.4,2.46,3.35,2.09,5.7,-13.18
AXSM,74.18,75.53,2.36,0.53,648769,0.56,-0.37,32.93,68.07,98.97,99.66,58.5,7.5,5.82,22.52,64.51,-5.26
MOD,19.7,20.11,2.39,0.31,253304,0.64,-1.18,-5.45,49.18,80.68,92.44,50.0,2.93,4.02,3.36,47.71,-6.73
FORM,21.44,22.02,2.66,-0.05,577519,0.89,-2.39,-3.51,-13.88,-44.13,-52.89,43.9,2.94,4.82,-3.09,-31.79,-52.89
EFOI,2.1,2.17,2.78,-0.43,70498,3.44,-13.16,-13.98,-41.59,-80.28,-92.98,38.4,6.55,14.83,-17.86,-64.54,-93.12
ATRO,7.81,8.14,3.06,-1.16,175651,0.78,1.88,17.71,17.01,-7.31,-18.72,54.5,4.87,5.39,8.88,-3.52,-33.58
STX,50.66,52.06,3.07,0.3,2427155,0.95,2.1,-4.83,-7.91,-27.78,-52.66,47.2,2.19,3.66,-1.88,-25.41,-53.83
ALNT,33.36,34.6,4.03,0.3,60875,0.79,4.34,-5.18,18.74,50.44,-16.37,50.8,3.37,4.39,1.99,18.83,-18.49
CELC,12.91,13.45,4.51,0.31,69498,2.1,3.38,49.44,44.78,56.21,0.9,65.6,10.81,8.8,33.97,51.35,0.0
EOSE,1.05,1.13,4.63,-2.78,2247929,0.67,4.63,4.63,-31.52,-18.71,-85.13,49.9,5.24,9.29,-8.41,-43.51,-86.0
EVTL,33.9,35.6,4.71,-0.29,58390,2.14,4.4,-11.66,-50.83,4.09,-48.26,44.0,4.29,10.01,-19.45,-40.71,-67.78
PKE,11.67,12.1,4.76,1.04,57243,0.81,7.94,-11.81,12.51,-1.95,-5.58,48.3,2.77,3.79,-1.7,0.59,-12.13
PXLW,16.92,17.4,5.07,2.17,23775,1.18,3.94,-2.03,-7.05,-22.46,-68.48,50.7,2.4,5.0,-1.02,-26.03,-69.6
TSAT,6.99,7.29,5.35,1.01,38110,0.92,18.15,-17.53,-6.42,-40.05,-75.79,48.4,3.91,7.54,-7.03,-36.92,-75.96
LMB,10.08,10.9,6.13,-1.85,94422,1.34,-1.18,-3.88,54.61,114.15,24.71,51.2,5.1,6.59,11.38,48.81,-11.09
SMMT,3.8,4.0,8.99,3.54,7774218,0.31,-7.62,333.42,230.58,277.36,41.84,63.9,44.72,16.98,124.53,166.39,-7.62
EDSA,13.65,16.17,9.48,-7.58,251152,1.97,155.79,157.78,69.85,57.14,-61.31,89.4,11.07,9.78,128.37,32.12,-61.31
ICCM,45.0,50.4,20.0,7.14,196886,0.71,79.37,60.0,38.47,-7.69,-45.81,58.2,40.83,22.75,44.52,-0.47,-49.24
